recursionlevel 5
eye 0 0 -25
look 0 0 0
up 1 0 0
d -12
bounds -4 4 -4 4
res 512 512
focalpoint 25 0.1 1
ambient 0.1 0.1 0.1
light 0 0 -18 1 1.0 1.0 1.0
light 0 0 18 1 1.0 1.0 1.0
light -10 10 -12 1 0.5 0.5 0.5
light -10 -10 -12 1 0.5 0.5 0.5
light 10 10 -12 1 0.5 0.5 0.5
light 10 -10 -12 1 0.5 0.5 0.5
#additional optional lights
light -10 10 -15 1 0.45 0.0 0.45
light -10 -10 -15 1 0.45 0.45 0.0
light 10 10 -15 1 0.0 0.45 0.45
light 10 -10 -15 1 0.9 0.0 0.0
model 0.0 0.0 1.0 90 20 0 0 0 90 torus.obj
model 0.0 0.0 1.0 90 40 0 0 -20 90 checker_rainbow.obj
#spec is adjusted to not reflect red as much
sphere 10 0 0 10 0.1 0.1 0.1 0.0 0.2 0.2 0.5 0.9 0.9 0.5 0.5 0.5 1
sphere -10 0 0 10 0.1 0.1 0.1 0.0 0.2 0.2 0.5 0.9 0.9 0.5 0.5 0.5 1
sphere 0 -10 0 10 0.1 0.1 0.1 0.0 0.2 0.2 0.5 0.9 0.9 0.5 0.5 0.5 1
sphere 0 10 0 10 0.1 0.1 0.1 0.0 0.2 0.2 0.5 0.9 0.9 0.5 0.5 0.5 1
#red sps
sphere 3 3 -9 1 0.1 0.1 0.1 0.4 0.0 0.0 0.9 0.9 0.9 0.9 0.9 0.9 0
sphere -3 3 -9 1 0.1 0.1 0.1 0.4 0.0 0.0 0.9 0.9 0.9 0.9 0.9 0.9 0
sphere 3 -3 -9 1 0.1 0.1 0.1 0.4 0.0 0.0 0.9 0.9 0.9 0.9 0.9 0.9 0
sphere -3 -3 -9 1 0.1 0.1 0.1 0.4 0.0 0.0 0.9 0.9 0.9 0.9 0.9 0.9 0
#anti-red sps
sphere 10 0 25 3 0.1 0.1 0.1 0.9 0.9 0.0 0.9 0.9 0.9 0.9 0.9 0.9 0
sphere -10 0 25 3 0.1 0.1 0.1 0.9 0.9 0.0 0.9 0.9 0.9 0.9 0.9 0.9 0
sphere 0 -10 25 3 0.1 0.1 0.1 0.9 0.9 0.0 0.9 0.9 0.9 0.9 0.9 0.9 0
sphere 0 10 25 3 0.1 0.1 0.1 0.9 0.9 0.0 0.9 0.9 0.9 0.9 0.9 0.9 0
#sps on sps
sphere 3.2 3.2 -10.1 0.1 0.1 0.1 0.1 0.4 0.0 0.9 0.9 0.9 0.9 0.9 0.9 0.9 0
sphere -3.2 3.2 -10.1 0.1 0.1 0.1 0.1 0.4 0.0 0.9 0.9 0.9 0.9 0.9 0.9 0.9 0
sphere 3.2 -3.2 -10.1 0.1 0.1 0.1 0.1 0.4 0.0 0.9 0.9 0.9 0.9 0.9 0.9 0.9 0
sphere -3.2 -3.2 -10.1 0.1 0.1 0.1 0.1 0.4 0.0 0.9 0.9 0.9 0.9 0.9 0.9 0.9 0
sphere 2.8 2.8 -10.1 0.1 0.1 0.1 0.1 0.4 0.0 0.9 0.9 0.9 0.9 0.9 0.9 0.9 0
sphere -2.8 2.8 -10.1 0.1 0.1 0.1 0.1 0.4 0.0 0.9 0.9 0.9 0.9 0.9 0.9 0.9 0
sphere 2.8 -2.8 -10.1 0.1 0.1 0.1 0.1 0.4 0.0 0.9 0.9 0.9 0.9 0.9 0.9 0.9 0
sphere -2.8 -2.8 -10.1 0.1 0.1 0.1 0.1 0.4 0.0 0.9 0.9 0.9 0.9 0.9 0.9 0.9 0
#other sps on sps
sphere 2.8 3.2 -10.1 0.1 0.1 0.1 0.1 0.4 0.0 0.9 0.9 0.9 0.9 0.9 0.9 0.9 0
sphere -2.8 3.2 -10.1 0.1 0.1 0.1 0.1 0.4 0.0 0.9 0.9 0.9 0.9 0.9 0.9 0.9 0
sphere 2.8 -3.2 -10.1 0.1 0.1 0.1 0.1 0.4 0.0 0.9 0.9 0.9 0.9 0.9 0.9 0.9 0
sphere -2.8 -3.2 -10.1 0.1 0.1 0.1 0.1 0.4 0.0 0.9 0.9 0.9 0.9 0.9 0.9 0.9 0
sphere 3.2 2.8 -10.1 0.1 0.1 0.1 0.1 0.4 0.0 0.9 0.9 0.9 0.9 0.9 0.9 0.9 0
sphere -3.2 2.8 -10.1 0.1 0.1 0.1 0.1 0.4 0.0 0.9 0.9 0.9 0.9 0.9 0.9 0.9 0
sphere 3.2 -2.8 -10.1 0.1 0.1 0.1 0.1 0.4 0.0 0.9 0.9 0.9 0.9 0.9 0.9 0.9 0
sphere -3.2 -2.8 -10.1 0.1 0.1 0.1 0.1 0.4 0.0 0.9 0.9 0.9 0.9 0.9 0.9 0.9 0
#refractive sps
sphere 0 0 -10 2 0.1 0.1 0.1 0.5 0.0 0.5 0.9 0.9 0.9 0.0 0.0 0.0 1
sphere -5 -5 10 5 0.1 0.1 0.1 0.0 0.6 0.4 0.5 0.5 0.5 0.5 0.5 0.5 1
sphere 5 -5 10 5 0.1 0.1 0.1 0.0 0.6 0.4 0.5 0.5 0.5 0.5 0.5 0.5 1
sphere -5 5 10 5 0.1 0.1 0.1 0.0 0.6 0.4 0.5 0.5 0.5 0.5 0.5 0.5 1
sphere 5 5 10 5 0.1 0.1 0.1 0.0 0.6 0.4 0.5 0.5 0.5 0.5 0.5 0.5 1
sphere -5 -5 12 5 0.1 0.1 0.1 0.5 0.5 0.2 0.5 0.5 0.0 0.5 0.5 0.5 1
sphere 5 -5 12 5 0.1 0.1 0.1 0.5 0.5 0.2 0.5 0.5 0.0 0.5 0.5 0.5 1
sphere -5 5 12 5 0.1 0.1 0.1 0.5 0.5 0.2 0.5 0.5 0.0 0.5 0.5 0.5 1
sphere 5 5 12 5 0.1 0.1 0.1 0.5 0.5 0.2 0.5 0.5 0.0 0.5 0.5 0.5 1
sphere 0 0 11 5 0.1 0.1 0.1 0.5 0.5 0.9 0.5 0.5 0.5 0.5 0.5 0.5 0
#extra test sps
sphere -30 0 0 5 0.1 0.1 0.1 0.5 0.5 0.5 0.0 0.0 0.0 0.9 0.9 0.9 0
sphere 30 0 0 5 0.1 0.1 0.1 0.5 0.5 0.5 0.0 0.0 0.0 0.9 0.9 0.9 0
sphere 0 30 0 5 0.1 0.1 0.1 0.5 0.5 0.5 0.0 0.0 0.0 0.9 0.9 0.9 0
sphere 0 -30 0 5 0.1 0.1 0.1 0.5 0.5 0.5 0.0 0.0 0.0 0.9 0.9 0.9 0
sphere -25 25 0 5 0.1 0.1 0.1 0.5 0.9 0.9 0.0 0.0 0.0 0.9 0.1 0.1 2
sphere 25 -25 0 5 0.1 0.1 0.1 0.5 0.9 0.9 0.0 0.0 0.0 0.9 0.1 0.1 2
sphere 25 25 0 5 0.1 0.1 0.1 0.5 0.9 0.9 0.0 0.0 0.0 0.9 0.1 0.1 2
sphere -25 -25 0 5 0.1 0.1 0.1 0.5 0.9 0.9 0.0 0.0 0.0 0.9 0.1 0.1 2

