eye 100.0 40.0 100.0
look 0.0 0.0 0.0
up 0.0 1.0 0.0
d -40.0
bounds -20 20 -20 20
res 256 256
focalpoint 136 5 16
recursionlevel 2
ambient 0.2 0.2 0.2
light 300 300 300 1 0.5 0.5 0.5
light 300 0 0 1 0.1 0.1 0.1
light 0 300 0 1 0.5 0.5 0.5
light 0 0 300 1 0.1 0.1 0.1
model 0.0 1.0 0.0 275 29 -62 -10 0 45 sphere.obj
sphere 22 -10 0 19 0.0 0.0 0.0 0.0 0.0 0.0 0.0 0.0 0.0 0.0 0.0 0.0 2
sphere 30 -10 45 19 0.1 0.1 0.1 0.2 0.0 0.6 0.9 0.9 0.9 0.0 0.0 0.0 0
model 1.0 0.0 0.0 90 200 -50 -34 -50 0 checker_colored.obj
sphere -10000000250 0 0 10000000000 0.1 0.1 0.1 0.3 0.3 0.9 0.0 0.0 0.0 0.0 0.0 0.0 0.0
sphere 0 0 -10000000250 10000000000 0.1 0.1 0.1 0.9 0.3 0.9 0.0 0.0 0.0 0.0 0.0 0.0 0.0
